matrix = [
    [10, 11, 12, 13, 14, 13, 12, 11, 12, 11, 12, 11, 10, 11, 12, 11, 10, 11, 12, 11, 10, 11, 12, 13, 12, 11, 10, 11, 12, 11],
    [11, 12, 13, 14, 15, 16, 15, 14, 13, 14, 15, 14, 13, 12, 13, 14, 13, 14, 13, 14, 13, 12, 13, 12, 13, 12, 11, 10, 11, 12],
    [12, 13, 14, 15, 16, 17, 16, 15, 16, 15, 14, 15, 16, 15, 16, 17, 16, 15, 14, 13, 12, 13, 14, 15, 14, 13, 12, 11, 12, 13],
    [13, 14, 15, 16, 17, 18, 17, 16, 17, 16, 17, 18, 17, 18, 17, 16, 15, 14, 13, 12, 13, 14, 13, 12, 13, 14, 15, 14, 15, 16],
    [14, 15, 16, 17, 18, 19, 18, 19, 18, 19, 18, 17, 16, 15, 16, 17, 16, 17, 16, 15, 14, 13, 12, 13, 12, 13, 12, 13, 14, 15],
    [13, 14, 15, 16, 15, 16, 15, 14, 13, 12, 13, 12, 13, 14, 15, 16, 15, 16, 17, 18, 17, 16, 17, 18, 19, 18, 17, 18, 19, 20],
    [14, 13, 12, 13, 14, 15, 16, 17, 16, 17, 16, 15, 14, 13, 14, 15, 14, 15, 16, 15, 16, 17, 18, 17, 16, 15, 14, 13, 12, 13],
    [13, 14, 15, 16, 17, 18, 17, 16, 15, 16, 17, 18, 19, 18, 19, 20, 19, 18, 17, 16, 15, 14, 13, 12, 13, 12, 13, 14, 15, 16],
    [12, 13, 14, 15, 14, 13, 12, 11, 10, 11, 12, 13, 12, 13, 12, 11, 12, 13, 14, 13, 14, 15, 16, 15, 16, 17, 16, 15, 14, 13],
    [11, 12, 13, 12, 11, 10, 11, 12, 11, 12, 13, 12, 13, 14, 13, 12, 13, 14, 13, 14, 13, 12, 13, 14, 13, 14, 15, 16, 17, 16],
    [12, 13, 14, 13, 14, 15, 14, 13, 12, 13, 12, 13, 14, 15, 16, 17, 18, 17, 18, 19, 18, 17, 16, 15, 14, 13, 12, 13, 12, 13],
    [13, 14, 15, 16, 15, 14, 13, 14, 15, 14, 15, 16, 17, 18, 19, 18, 17, 16, 15, 14, 15, 16, 15, 16, 15, 14, 15, 16, 17, 16],
    [12, 13, 14, 15, 16, 15, 16, 17, 16, 15, 16, 15, 14, 15, 14, 13, 14, 13, 14, 13, 12, 11, 10, 11, 10, 11, 12, 13, 12, 13],
    [11, 12, 13, 12, 11, 12, 13, 12, 13, 14, 13, 14, 13, 12, 13, 12, 13, 12, 13, 12, 11, 12, 13, 14, 13, 12, 13, 12, 13, 12],
    [10, 11, 12, 13, 14, 15, 14, 13, 12, 13, 12, 11, 10, 11, 12, 11, 12, 13, 12, 13, 14, 15, 14, 13, 12, 13, 12, 13, 14, 15],
    [11, 12, 13, 14, 15, 16, 15, 14, 13, 14, 13, 12, 13, 14, 13, 12, 11, 10, 11, 10, 11, 12, 11, 12, 13, 14, 13, 14, 13, 12],
    [12, 13, 14, 15, 16, 15, 14, 13, 14, 13, 14, 13, 12, 11, 12, 13, 12, 11, 12, 11, 10, 11, 12, 13, 12, 11, 12, 13, 12, 13],
    [13, 14, 13, 12, 13, 14, 15, 14, 15, 16, 17, 16, 15, 16, 17, 16, 17, 18, 17, 18, 17, 16, 17, 16, 15, 16, 15, 14, 13, 12],
    [12, 13, 12, 11, 10, 11, 12, 13, 12, 11, 12, 13, 14, 15, 14, 13, 12, 11, 10, 11, 10, 11, 12, 13, 14, 15, 16, 15, 14, 13],
    [11, 10, 11, 12, 13, 12, 11, 12, 11, 12, 13, 12, 11, 12, 11, 10, 11, 12, 11, 12, 13, 14, 13, 14, 15, 14, 13, 12, 13, 12],
    [10, 11, 12, 13, 12, 11, 10, 11, 12, 13, 12, 13, 12, 11, 10, 11, 10, 11, 12, 13, 12, 13, 12, 11, 12, 13, 12, 11, 10, 11],
    [11, 12, 13, 14, 15, 14, 13, 12, 13, 12, 11, 10, 11, 12, 13, 14, 13, 14, 13, 12, 13, 14, 15, 14, 15, 16, 17, 16, 15, 14],
    [12, 13, 12, 11, 12, 13, 12, 13, 12, 13, 13, 12, 11, 10, 11, 12, 13, 12, 13, 14, 13, 12, 13, 12, 12, 13, 14, 15, 16, 17],
    [12, 13, 14, 15, 16, 17, 16, 15, 14, 13, 14, 15, 14, 13, 12, 11, 10, 11, 12, 13, 14, 13, 14, 15, 14, 13, 12, 13, 12, 11],
    [13, 14, 13, 12, 13, 14, 15, 14, 13, 14, 15, 14, 13, 12, 11, 10, 10, 11, 12, 13, 14, 13, 12, 13, 14, 15, 14, 13, 14, 13],
    [14, 13, 12, 13, 14, 15, 16, 15, 16, 15, 14, 15, 14, 13, 12, 13, 14, 13, 14, 15, 14, 13, 12, 13, 14, 13, 14, 15, 16, 17]
]